第1幅图像的平均误差：0.0376307像素
第2幅图像的平均误差：0.0492888像素
第3幅图像的平均误差：0.0346414像素
第4幅图像的平均误差：0.0349132像素
第5幅图像的平均误差：0.0405157像素
第6幅图像的平均误差：0.0411659像素
第7幅图像的平均误差：0.0407157像素
第8幅图像的平均误差：0.0396533像素
第9幅图像的平均误差：0.0422742像素
第10幅图像的平均误差：0.0373623像素
第11幅图像的平均误差：0.0364939像素
第12幅图像的平均误差：0.0357296像素
第13幅图像的平均误差：0.0749574像素
第14幅图像的平均误差：0.0366086像素
第15幅图像的平均误差：0.0395518像素
第16幅图像的平均误差：0.0393033像素
第17幅图像的平均误差：0.0400355像素
第18幅图像的平均误差：0.0440998像素
第19幅图像的平均误差：0.0401151像素
第20幅图像的平均误差：0.0407157像素
第21幅图像的平均误差：0.0403474像素
第22幅图像的平均误差：0.0383979像素
总体平均误差：0.0411144像素

相机内参数矩阵：
[159.836028752862, 0, 256.0825466975676;
 0, 159.3524375207086, 256.3772419547919;
 0, 0, 1]
畸变系数：
[0.0222673, -0.0131274, 0.00716625, -0.00135426]
第1幅图像的旋转向量：
[1.95674, 1.94462, 0.563191]
第1幅图像的旋转矩阵：
[-0.006817124967476329, 0.8706310955959667, 0.4918892377238442;
 0.9987503342635472, -0.01842678929348629, 0.04645668137938988;
 0.04951057074636192, 0.4915912415998683, -0.869417480021347]
第1幅图像的平移向量：
[-258.362, -162.387, 109.834]
第2幅图像的旋转向量：
[-1.81628, -1.88233, 0.597546]
第2幅图像的旋转矩阵：
[-0.02757973833631955, 0.802184985534255, -0.5964382675656441;
 0.9993180921363599, 0.03677957706181456, 0.003257827512221367;
 0.02455012754031027, -0.5959417015904834, -0.8026523403960109]
第2幅图像的平移向量：
[-82.2047, -228.015, 213.852]
第3幅图像的旋转向量：
[-2.17405, -2.18935, 0.0454276]
第3幅图像的旋转矩阵：
[-0.006441478032126136, 0.9981574115269797, -0.0603348089789103;
 0.9998010373274576, 0.007567667061835981, 0.01845578971978714;
 0.01887837704098084, -0.06020392204002297, -0.9980075624218974]
第3幅图像的平移向量：
[-188.715, -313.701, 246.129]
第4幅图像的旋转向量：
[-2.17362, -2.18876, 0.0507412]
第4幅图像的旋转矩阵：
[-0.006406667879594097, 0.9979793625526988, -0.06321508147261246;
 0.9998366516720968, 0.007461346321309015, 0.01646202551945845;
 0.01690043134983235, -0.06309928866462708, -0.9978641466603596]
第4幅图像的平移向量：
[-222.268, -318.85, 256.768]
第5幅图像的旋转向量：
[-2.08024, -2.08802, 0.21055]
第5幅图像的旋转矩阵：
[-3.227367986069485e-05, 0.973049862415896, -0.2305948052554864;
 0.9994977654550855, 0.007338790920922267, 0.03082789318312028;
 0.03168936428362794, -0.2304779976488538, -0.972561400010855]
第5幅图像的平移向量：
[-54.3451, -19.8121, 268.959]
第6幅图像的旋转向量：
[-2.07978, -2.08519, 0.212886]
第6幅图像的旋转矩阵：
[0.001175960798647679, 0.9724244120383031, -0.2332153082200231;
 0.9994905681913632, 0.006295205287981331, 0.0312885679903688;
 0.03189390557309976, -0.2331332950531573, -0.9719216251966779]
第6幅图像的平移向量：
[-54.2248, -29.0434, 268.295]
第7幅图像的旋转向量：
[1.98251, 1.97058, 0.519251]
第7幅图像的旋转矩阵：
[-0.004801701399428815, 0.8915426148207939, 0.4529113706037546;
 0.9989646091579798, -0.01621357378065968, 0.04250681916002361;
 0.04523995262502559, 0.4526465353714307, -0.890541667022226]
第7幅图像的平移向量：
[-234.176, -283.374, 120.738]
第8幅图像的旋转向量：
[1.99142, 1.97808, 0.502964]
第8幅图像的旋转矩阵：
[-0.003206387946070866, 0.898200156707797, 0.4395750192702363;
 0.9990766820981555, -0.01595545350385053, 0.03988993345730427;
 0.04284276326383482, 0.4392970543875475, -0.8973196730498798]
第8幅图像的平移向量：
[-224.586, -344.851, 115.519]
第9幅图像的旋转向量：
[-2.08019, -2.08548, 0.210235]
第9幅图像的旋转矩阵：
[0.001328105178015515, 0.9727726342400463, -0.2317577144569675;
 0.9994564660294555, 0.006342745189149568, 0.03235030286376608;
 0.03293946946366925, -0.2316747108709682, -0.9722354754349922]
第9幅图像的平移向量：
[-57.3698, -69.9873, 260.847]
第10幅图像的旋转向量：
[-1.77153, -1.84472, 0.636591]
第10幅图像的旋转矩阵：
[-0.02775390732007643, 0.7648916290856068, -0.6435608101673336;
 0.9990066975532735, 0.04367691903736215, 0.008828645825126935;
 0.03486171068909916, -0.6426765302219848, -0.7653440655219452]
第10幅图像的平移向量：
[-54.0656, -260.923, 228.174]
第11幅图像的旋转向量：
[-2.18493, -2.24507, -0.0681507]
第11幅图像的旋转矩阵：
[-0.02759174116456298, 0.9993179523720026, 0.02454232846604634;
 0.9989665988123311, 0.02667834596979457, 0.03679674324772256;
 0.0361168973865509, 0.0255322526100514, -0.99902135802986]
第11幅图像的平移向量：
[-141.847, -230.336, 125.729]
第12幅图像的旋转向量：
[1.9959, 1.98172, 0.497396]
第12幅图像的旋转矩阵：
[-0.002721392067617567, 0.9010299222091482, 0.4337483986241223;
 0.9990644309705197, -0.0162712975161684, 0.04006878643897396;
 0.04316082476929833, 0.4334516399333569, -0.9001426659393039]
第12幅图像的平移向量：
[-226.386, -353.176, 118.66]
第13幅图像的旋转向量：
[1.82506, 1.85487, 0.684832]
第13幅图像的旋转矩阵：
[-0.02598607512719497, 0.7775092778168822, 0.6283343431710177;
 0.999279321562893, 0.002806503967981766, 0.03785447176070789;
 0.02766878017347896, 0.6288652053056745, -0.7770218736686655]
第13幅图像的平移向量：
[-139.362, -318.732, 76.1237]
第14幅图像的旋转向量：
[2.18943, 2.25023, 0.0808939]
第14幅图像的旋转矩阵：
[-0.02802836765203631, 0.9989374031652054, 0.03658517683868761;
 0.9989858146225081, 0.02670195859231284, 0.03625393206726604;
 0.03523851287676343, 0.03756421122411814, -0.9986727077703406]
第14幅图像的平移向量：
[-127.989, -234.541, 124.371]
第15幅图像的旋转向量：
[-2.17725, -2.23863, -0.056486]
第15幅图像的旋转矩阵：
[-0.02802655760378159, 0.9995338556302371, 0.01210716803527869;
 0.9988725071698989, 0.02753962448256952, 0.03866889581407359;
 0.03831744366476597, 0.01317727332613385, -0.9991787292465176]
第15幅图像的平移向量：
[-133.972, -230.335, 118.86]
第16幅图像的旋转向量：
[-2.17739, -2.23782, -0.0556586]
第16幅图像的旋转矩阵：
[-0.02758449429507581, 0.9995544981478827, 0.01139740789914215;
 0.9988851988888924, 0.02712550294051397, 0.03863374860044314;
 0.03830737677240498, 0.01245039447401876, -0.9991884369638484]
第16幅图像的平移向量：
[-129.494, -229.408, 117.741]
第17幅图像的旋转向量：
[-2.17781, -2.23668, -0.0535496]
第17幅图像的旋转矩阵：
[-0.02685542371585403, 0.9995886091173293, 0.01006969413265084;
 0.998925232823047, 0.02645419198614418, 0.03805988643942093;
 0.03777784332731737, 0.01108098593282305, -0.9992247226246423]
第17幅图像的平移向量：
[-128.163, -229.27, 118.851]
第18幅图像的旋转向量：
[1.91496, 1.91033, 0.609524]
第18幅图像的旋转矩阵：
[-0.01083852638307026, 0.8404014456485387, 0.5418560108531507;
 0.9989275704993004, -0.01529380811274184, 0.0437013538666273;
 0.04501372282103577, 0.5417485667588396, -0.8393344120030669]
第18幅图像的平移向量：
[-258.837, -75.9531, 67.4873]
第19幅图像的旋转向量：
[2.11655, 2.10943, 0.29491]
第19幅图像的旋转矩阵：
[-0.001465287885422883, 0.9719885891949239, 0.2350234784149754;
 0.9991761746088373, -0.008108663813368389, 0.03976457802130032;
 0.04055644246557069, 0.2348881266603814, -0.9711759587883719]
第19幅图像的平移向量：
[-155.946, -155.303, 200.076]
第20幅图像的旋转向量：
[1.98251, 1.97058, 0.519251]
第20幅图像的旋转矩阵：
[-0.004801701399428815, 0.8915426148207939, 0.4529113706037546;
 0.9989646091579798, -0.01621357378065968, 0.04250681916002361;
 0.04523995262502559, 0.4526465353714307, -0.890541667022226]
第20幅图像的平移向量：
[-234.176, -283.374, 120.738]
第21幅图像的旋转向量：
[-2.18362, -2.19995, 0.0235828]
第21幅图像的旋转矩阵：
[-0.007065507509896429, 0.9991588567550115, -0.04039378134869381;
 0.9997951719764943, 0.007824599953048739, 0.01866520099187774;
 0.01896556606379152, -0.0402536284525164, -0.9990094857909442]
第21幅图像的平移向量：
[-101.669, -315.126, 219.938]
第22幅图像的旋转向量：
[1.94059, 1.92971, 0.581064]
第22幅图像的旋转矩阵：
[-0.007384548594636664, 0.8588247784937473, 0.5122162319638247;
 0.9988600900366105, -0.01782186925979079, 0.0442820675684957;
 0.04715918758956031, 0.5119593546574299, -0.857714189112341]
第22幅图像的平移向量：
[-254.475, -111.568, 103.699]

